[manual]
SCENARIO_NAME = TEST
AGENT_SCENARIO = planner
TARGET_RUNS = 50
TARGET_ACTIONS = 1000
AGENT_ACTIONS = -2,-1,-0.75,-0.5,-0.25,-0.15,-0.1,0,0.1,0.15,0.25,0.5,0.75,1
DRIVER_ACTIONS = -1,-0.75,-0.5,-0.25,-0.15,-0.1,0,0.1,0.15,0.25,0.5,0.75,1
INITIAL_ATTENTIVE = 1
DRIVER_OVER_CORRECT = 1
DRIVER_ACTION_NOISE = 0
PREFERRED_ACTIONS = 0
NUM_SIMS_SCENARIOS = 10,100,200,300,400,500,750,1000,1500,2500,5000,7500,10000
EXP_CONST_SCENARIOS = 0.5,0.75,1.5,5,10,25
DISCOUNT_SCENARIOS = 0.56234132519,0.77426368268,0.90851757565

[grid search]
; THIS IS SET AUTOMATICALLY
NUM_SIMS = 10000
EXP_CONST = 1.5
DISCOUNT = 0.908518
